Date,Open,High,Low,Close,Volume,Dividends,Stock Splits,return
2017-03-01,5864.89990234375,5956.5,5679.7998046875,5724.60009765625,0,0,0,
2017-06-01,5724.60009765625,5836.39990234375,5629.7998046875,5714.5,0,0,0,-0.0017643324396380278
2017-09-01,5714.5,6052.10009765625,5639.39990234375,5969.89990234375,78246200,0,0,0.044693306911147035
2017-12-01,5969.89990234375,6150.0,5786.7998046875,6016.0,48255900,0,0,0.007722088880946165
2018-03-01,6016.0,6146.7998046875,5724.7998046875,6011.89990234375,34463900,0,0,-0.0006815321902011728
2018-06-01,6011.89990234375,6373.5,5972.0,6319.5,0,0,0,0.05116520611667719
2018-09-01,6319.5,6333.7001953125,5594.0,5667.2001953125,0,0,0,-0.10322016056452255
2018-12-01,5667.2001953125,6191.10009765625,5410.2001953125,6169.0,25396800,0,0,0.08854457005110783
2019-03-01,6169.0,6510.89990234375,6096.7998046875,6396.89990234375,38771300,0,0,0.03694276257801099
2019-06-01,6396.89990234375,6875.5,6315.60009765625,6604.2001953125,42440700,0,0,0.032406368105400096
2019-09-01,6604.2001953125,6893.7001953125,6489.89990234375,6846.0,39643700,0,0,0.03661303375677849
2019-12-01,6846.0,7197.2001953125,6426.7998046875,6441.2001953125,37946600,0,0,-0.05912939010918783
2020-03-01,6438.89990234375,6524.2998046875,4402.5,5755.7001953125,71390200,0,0,-0.10642426554275763
2020-06-01,5755.7001953125,6199.2001953125,5705.39990234375,6060.5,53021900,0,0,0.05295616421017413
2020-09-01,6060.5,6713.2998046875,5763.2001953125,6517.7998046875,46381600,0,0,0.07545578824973198
2020-12-01,6517.2001953125,6938.0,6511.39990234375,6673.2998046875,36265700,0,0,0.02385774412527475
2021-03-01,6673.2998046875,7203.2998046875,6648.60009765625,7161.60009765625,38175200,0,0,0.07317223971051856
2021-06-01,7162.7998046875,7632.7998046875,7117.5,7534.89990234375,38812800,0,0,0.052125195430790416
2021-09-01,7524.7998046875,7539.0,7145.7001953125,7256.0,43305500,0,0,-0.03701441372260261
2021-12-01,7251.89990234375,7620.2001953125,6758.2001953125,7049.10009765625,42118100,0,0,-0.028514319507132013
2022-03-01,7061.0,7296.7998046875,6968.89990234375,7294.39990234375,12932600,0,0,0.03479874044760112
2022-03-18,7250.7998046875,7294.39990234375,7245.89990234375,7294.39990234375,0,0,0,0.0
