Date,Open,High,Low,Close,Volume,Dividends,Stock Splits,year,quarter,return
2017-12-01,5969.89990234375,6150.0,5786.7998046875,6016.0,48255900,0,0,2017,4,0.05276052148044452
2018-06-01,6011.89990234375,6373.5,5972.0,6319.5,0,0,0,2018,2,0.050448803191489366
2018-12-01,5667.2001953125,6191.10009765625,5410.2001953125,6169.0,25396800,0,0,2018,4,-0.023815175251206577
2019-06-01,6396.89990234375,6875.5,6315.60009765625,6604.2001953125,42440700,0,0,2019,2,0.07054631144634471
2019-12-01,6846.0,7197.2001953125,6426.7998046875,6441.2001953125,37946600,0,0,2019,4,-0.02468126270849469
2020-06-01,5755.7001953125,6199.2001953125,5705.39990234375,6060.5,53021900,0,0,2020,2,-0.059103922214613025
2020-12-01,6517.2001953125,6938.0,6511.39990234375,6673.2998046875,36265700,0,0,2020,4,0.10111373726383954
2021-06-01,7162.7998046875,7632.7998046875,7117.5,7534.89990234375,38812800,0,0,2021,2,0.12911155243632844
2021-12-01,7251.89990234375,7620.2001953125,6758.2001953125,7049.10009765625,42118100,0,0,2021,4,-0.06447329241047928
