Date,AUD_weighted,cumret,year,quarter
2017-04-03,-0.004143018326757921,0.9867864790543381,2017,2
2017-10-02,-0.00015778807443451656,0.9978426535303319,2017,4
2018-04-02,-0.0008264444629263554,0.9458332603940528,2018,2
2018-10-01,0.0021744305994663413,0.9386569128517761,2018,4
2019-04-01,0.003058677366643419,0.9102733949848482,2019,2
2019-10-01,0.0005095593218895679,0.8907816243320189,2019,4
2020-04-01,-0.006094650956135532,0.8115535863597565,2020,2
2020-10-01,0.0009107534639910891,0.9198600299046549,2020,4
2021-04-01,-0.0024709023659130005,0.9645742256476494,2021,2
2021-10-01,0.004405476724958944,0.9152107284901413,2021,4
